Let's iterate all forte prime forms' database...

1.1 - [0] [0] 0
2.1 - [0, 1] [0, 1] 0
2.2 - [0, 2] [0, 2] 0
2.3 - [0, 3] [0, 3] 0
2.4 - [0, 4] [0, 4] 0
2.5 - [0, 5] [0, 5] 0
2.6 - [0, 6] [0, 6] 0
3.1 - [0, 1, 2] [0, 1, 2] 0
3.2 - [0, 1, 3] [0, 1, 3] 0
3.3 - [0, 1, 4] [0, 1, 4] 0
3.4 - [0, 1, 5] [0, 1, 5] 0
3.5 - [0, 1, 6] [0, 1, 6] 0
3.6 - [0, 2, 4] [0, 2, 4] 0
3.7 - [0, 2, 5] [0, 2, 5] 0
3.8 - [0, 2, 6] [0, 2, 6] 0
3.9 - [0, 2, 7] [0, 2, 7] 0
3.10 - [0, 3, 6] [0, 3, 6] 0
3.11 - [0, 3, 7] [0, 3, 7] 0
3.12 - [0, 4, 8] [0, 4, 8] 0
4.1 - [0, 1, 2, 3] [0, 1, 2, 3] 0
4.2 - [0, 1, 2, 4] [0, 1, 2, 4] 0
4.3 - [0, 1, 3, 4] [0, 1, 3, 4] 0
4.4 - [0, 1, 2, 5] [0, 1, 2, 5] 0
4.5 - [0, 1, 2, 6] [0, 1, 2, 6] 0
4.6 - [0, 1, 2, 7] [0, 1, 2, 7] 0
4.7 - [0, 1, 4, 5] [0, 1, 4, 5] 0
4.8 - [0, 1, 5, 6] [0, 1, 5, 6] 0
4.9 - [0, 1, 6, 7] [0, 1, 6, 7] 0
4.10 - [0, 2, 3, 5] [0, 2, 3, 5] 0
4.11 - [0, 1, 3, 5] [0, 1, 3, 5] 0
4.12 - [0, 2, 3, 6] [0, 2, 3, 6] 0
4.13 - [0, 1, 3, 6] [0, 1, 3, 6] 0
4.14 - [0, 2, 3, 7] [0, 2, 3, 7] 0
4.15 - [0, 1, 4, 6] [0, 1, 4, 6] 0
4.16 - [0, 1, 5, 7] [0, 1, 5, 7] 0
4.17 - [0, 3, 4, 7] [0, 3, 4, 7] 0
4.18 - [0, 1, 4, 7] [0, 1, 4, 7] 0
4.19 - [0, 1, 4, 8] [0, 1, 4, 8] 0
4.20 - [0, 1, 5, 8] [0, 1, 5, 8] 0
4.21 - [0, 2, 4, 6] [0, 2, 4, 6] 0
4.22 - [0, 2, 4, 7] [0, 2, 4, 7] 0
4.23 - [0, 2, 5, 7] [0, 2, 5, 7] 0
4.24 - [0, 2, 4, 8] [0, 2, 4, 8] 0
4.25 - [0, 2, 6, 8] [0, 2, 6, 8] 0
4.26 - [0, 3, 5, 8] [0, 3, 5, 8] 0
4.27 - [0, 2, 5, 8] [0, 2, 5, 8] 0
4.28 - [0, 3, 6, 9] [0, 3, 6, 9] 0
4.29 - [0, 1, 3, 7] [0, 1, 3, 7] 0
5.1 - [0, 1, 2, 3, 4] [0, 1, 2, 3, 4] 0
5.2 - [0, 1, 2, 3, 5] [0, 1, 2, 3, 5] 0
5.3 - [0, 1, 2, 4, 5] [0, 1, 2, 4, 5] 0
5.4 - [0, 1, 2, 3, 6] [0, 1, 2, 3, 6] 0
5.5 - [0, 1, 2, 3, 7] [0, 1, 2, 3, 7] 0
5.6 - [0, 1, 2, 5, 6] [0, 1, 2, 5, 6] 0
5.7 - [0, 1, 2, 6, 7] [0, 1, 2, 6, 7] 0
5.8 - [0, 2, 3, 4, 6] [0, 2, 3, 4, 6] 0
5.9 - [0, 1, 2, 4, 6] [0, 1, 2, 4, 6] 0
5.10 - [0, 1, 3, 4, 6] [0, 1, 3, 4, 6] 0
5.11 - [0, 2, 3, 4, 7] [0, 2, 3, 4, 7] 0
5.12 - [0, 1, 3, 5, 6] [0, 1, 3, 5, 6] 0
5.13 - [0, 1, 2, 4, 8] [0, 1, 2, 4, 8] 0
5.14 - [0, 1, 2, 5, 7] [0, 1, 2, 5, 7] 0
5.15 - [0, 1, 2, 6, 8] [0, 1, 2, 6, 8] 0
5.16 - [0, 1, 3, 4, 7] [0, 1, 3, 4, 7] 0
5.17 - [0, 1, 3, 4, 8] [0, 1, 3, 4, 8] 0
5.18 - [0, 1, 4, 5, 7] [0, 1, 4, 5, 7] 0
5.19 - [0, 1, 3, 6, 7] [0, 1, 3, 6, 7] 0
5.20 - [0, 1, 3, 7, 8] [0, 1, 3, 7, 8] 0
5.21 - [0, 1, 4, 5, 8] [0, 1, 4, 5, 8] 0
5.22 - [0, 1, 4, 7, 8] [0, 1, 4, 7, 8] 0
5.23 - [0, 2, 3, 5, 7] [0, 2, 3, 5, 7] 0
5.24 - [0, 1, 3, 5, 7] [0, 1, 3, 5, 7] 0
5.25 - [0, 2, 3, 5, 8] [0, 2, 3, 5, 8] 0
5.26 - [0, 2, 4, 5, 8] [0, 2, 4, 5, 8] 0
5.27 - [0, 1, 3, 5, 8] [0, 1, 3, 5, 8] 0
5.28 - [0, 2, 3, 6, 8] [0, 2, 3, 6, 8] 0
5.29 - [0, 1, 3, 6, 8] [0, 1, 3, 6, 8] 0
5.30 - [0, 1, 4, 6, 8] [0, 1, 4, 6, 8] 0
5.31 - [0, 1, 3, 6, 9] [0, 1, 3, 6, 9] 0
5.32 - [0, 1, 4, 6, 9] [0, 1, 4, 6, 9] 0
5.33 - [0, 2, 4, 6, 8] [0, 2, 4, 6, 8] 0
5.34 - [0, 2, 4, 6, 9] [0, 2, 4, 6, 9] 0
5.35 - [0, 2, 4, 7, 9] [0, 2, 4, 7, 9] 0
5.36 - [0, 1, 2, 4, 7] [0, 1, 2, 4, 7] 0
5.37 - [0, 3, 4, 5, 8] [0, 3, 4, 5, 8] 0
5.38 - [0, 1, 2, 5, 8] [0, 1, 2, 5, 8] 0
6.1 - [0, 1, 2, 3, 4, 5] [0, 1, 2, 3, 4, 5] 0
6.2 - [0, 1, 2, 3, 4, 6] [0, 1, 2, 3, 4, 6] 0
6.3 - [0, 1, 2, 3, 5, 6] [0, 1, 2, 3, 5, 6] 0
6.4 - [0, 1, 2, 4, 5, 6] [0, 1, 2, 4, 5, 6] 0
6.5 - [0, 1, 2, 3, 6, 7] [0, 1, 2, 3, 6, 7] 0
6.6 - [0, 1, 2, 5, 6, 7] [0, 1, 2, 5, 6, 7] 0
6.7 - [0, 1, 2, 6, 7, 8] [0, 1, 2, 6, 7, 8] 0
6.8 - [0, 2, 3, 4, 5, 7] [0, 2, 3, 4, 5, 7] 0
6.9 - [0, 1, 2, 3, 5, 7] [0, 1, 2, 3, 5, 7] 0
6.10 - [0, 1, 3, 4, 5, 7] [0, 1, 3, 4, 5, 7] 0
6.11 - [0, 1, 2, 4, 5, 7] [0, 1, 2, 4, 5, 7] 0
6.12 - [0, 1, 2, 4, 6, 7] [0, 1, 2, 4, 6, 7] 0
6.13 - [0, 1, 3, 4, 6, 7] [0, 1, 3, 4, 6, 7] 0
6.14 - [0, 1, 3, 4, 5, 8] [0, 1, 3, 4, 5, 8] 0
6.15 - [0, 1, 2, 4, 5, 8] [0, 1, 2, 4, 5, 8] 0
6.16 - [0, 1, 4, 5, 6, 8] [0, 1, 4, 5, 6, 8] 0
6.17 - [0, 1, 2, 4, 7, 8] [0, 1, 2, 4, 7, 8] 0
6.18 - [0, 1, 2, 5, 7, 8] [0, 1, 2, 5, 7, 8] 0
6.19 - [0, 1, 3, 4, 7, 8] [0, 1, 3, 4, 7, 8] 0
6.20 - [0, 1, 4, 5, 8, 9] [0, 1, 4, 5, 8, 9] 0
6.21 - [0, 2, 3, 4, 6, 8] [0, 2, 3, 4, 6, 8] 0
6.22 - [0, 1, 2, 4, 6, 8] [0, 1, 2, 4, 6, 8] 0
6.23 - [0, 2, 3, 5, 6, 8] [0, 2, 3, 5, 6, 8] 0
6.24 - [0, 1, 3, 4, 6, 8] [0, 1, 3, 4, 6, 8] 0
6.25 - [0, 1, 3, 5, 6, 8] [0, 1, 3, 5, 6, 8] 0
6.26 - [0, 1, 3, 5, 7, 8] [0, 1, 3, 5, 7, 8] 0
6.27 - [0, 1, 3, 4, 6, 9] [0, 1, 3, 4, 6, 9] 0
6.28 - [0, 1, 3, 5, 6, 9] [0, 1, 3, 5, 6, 9] 0
6.29 - [0, 1, 3, 6, 8, 9] [0, 1, 3, 6, 8, 9] 0
6.30 - [0, 1, 3, 6, 7, 9] [0, 1, 3, 6, 7, 9] 0
6.31 - [0, 1, 3, 5, 8, 9] [0, 1, 3, 5, 8, 9] 0
6.32 - [0, 2, 4, 5, 7, 9] [0, 2, 4, 5, 7, 9] 0
6.33 - [0, 2, 3, 5, 7, 9] [0, 2, 3, 5, 7, 9] 0
6.34 - [0, 1, 3, 5, 7, 9] [0, 1, 3, 5, 7, 9] 0
6.35 - [0, 2, 4, 6, 8, 10] [0, 2, 4, 6, 8, 10] 0
6.36 - [0, 1, 2, 3, 4, 7] [0, 1, 2, 3, 4, 7] 0
6.37 - [0, 1, 2, 3, 4, 8] [0, 1, 2, 3, 4, 8] 0
6.38 - [0, 1, 2, 3, 7, 8] [0, 1, 2, 3, 7, 8] 0
6.39 - [0, 2, 3, 4, 5, 8] [0, 2, 3, 4, 5, 8] 0
6.40 - [0, 1, 2, 3, 5, 8] [0, 1, 2, 3, 5, 8] 0
6.41 - [0, 1, 2, 3, 6, 8] [0, 1, 2, 3, 6, 8] 0
6.42 - [0, 1, 2, 3, 6, 9] [0, 1, 2, 3, 6, 9] 0
6.43 - [0, 1, 2, 5, 6, 8] [0, 1, 2, 5, 6, 8] 0
6.44 - [0, 1, 2, 5, 6, 9] [0, 1, 2, 5, 6, 9] 0
6.45 - [0, 2, 3, 4, 6, 9] [0, 2, 3, 4, 6, 9] 0
6.46 - [0, 1, 2, 4, 6, 9] [0, 1, 2, 4, 6, 9] 0
6.47 - [0, 1, 2, 4, 7, 9] [0, 1, 2, 4, 7, 9] 0
6.48 - [0, 1, 2, 5, 7, 9] [0, 1, 2, 5, 7, 9] 0
6.49 - [0, 1, 3, 4, 7, 9] [0, 1, 3, 4, 7, 9] 0
6.50 - [0, 1, 4, 6, 7, 9] [0, 1, 4, 6, 7, 9] 0
7.1 - [0, 1, 2, 3, 4, 5, 6] [0, 1, 2, 3, 4, 5, 6] 0
7.2 - [0, 1, 2, 3, 4, 5, 7] [0, 1, 2, 3, 4, 5, 7] 0
7.3 - [0, 1, 2, 3, 4, 5, 8] [0, 1, 2, 3, 4, 5, 8] 0
7.4 - [0, 1, 2, 3, 4, 6, 7] [0, 1, 2, 3, 4, 6, 7] 0
7.5 - [0, 1, 2, 3, 5, 6, 7] [0, 1, 2, 3, 5, 6, 7] 0
7.6 - [0, 1, 2, 3, 4, 7, 8] [0, 1, 2, 3, 4, 7, 8] 0
7.7 - [0, 1, 2, 3, 6, 7, 8] [0, 1, 2, 3, 6, 7, 8] 0
7.8 - [0, 2, 3, 4, 5, 6, 8] [0, 2, 3, 4, 5, 6, 8] 0
7.9 - [0, 1, 2, 3, 4, 6, 8] [0, 1, 2, 3, 4, 6, 8] 0
7.10 - [0, 1, 2, 3, 4, 6, 9] [0, 1, 2, 3, 4, 6, 9] 0
7.11 - [0, 1, 3, 4, 5, 6, 8] [0, 1, 3, 4, 5, 6, 8] 0
7.12 - [0, 1, 2, 3, 4, 7, 9] [0, 1, 2, 3, 4, 7, 9] 0
7.13 - [0, 1, 2, 4, 5, 6, 8] [0, 1, 2, 4, 5, 6, 8] 0
7.14 - [0, 1, 2, 3, 5, 7, 8] [0, 1, 2, 3, 5, 7, 8] 0
7.15 - [0, 1, 2, 4, 6, 7, 8] [0, 1, 2, 4, 6, 7, 8] 0
7.16 - [0, 1, 2, 3, 5, 6, 9] [0, 1, 2, 3, 5, 6, 9] 0
7.17 - [0, 1, 2, 4, 5, 6, 9] [0, 1, 2, 4, 5, 6, 9] 0
7.18 - [0, 1, 2, 3, 5, 8, 9] [0, 1, 2, 3, 5, 8, 9] 0
7.19 - [0, 1, 2, 3, 6, 7, 9] [0, 1, 2, 3, 6, 7, 9] 0
7.20 - [0, 1, 2, 4, 7, 8, 9] [0, 1, 2, 4, 7, 8, 9] 0
7.21 - [0, 1, 2, 4, 5, 8, 9] [0, 1, 2, 4, 5, 8, 9] 0
7.22 - [0, 1, 2, 5, 6, 8, 9] [0, 1, 2, 5, 6, 8, 9] 0
7.23 - [0, 2, 3, 4, 5, 7, 9] [0, 2, 3, 4, 5, 7, 9] 0
7.24 - [0, 1, 2, 3, 5, 7, 9] [0, 1, 2, 3, 5, 7, 9] 0
7.25 - [0, 2, 3, 4, 6, 7, 9] [0, 2, 3, 4, 6, 7, 9] 0
7.26 - [0, 1, 3, 4, 5, 7, 9] [0, 1, 3, 4, 5, 7, 9] 0
7.27 - [0, 1, 2, 4, 5, 7, 9] [0, 1, 2, 4, 5, 7, 9] 0
7.28 - [0, 1, 3, 5, 6, 7, 9] [0, 1, 3, 5, 6, 7, 9] 0
7.29 - [0, 1, 2, 4, 6, 7, 9] [0, 1, 2, 4, 6, 7, 9] 0
7.30 - [0, 1, 2, 4, 6, 8, 9] [0, 1, 2, 4, 6, 8, 9] 0
7.31 - [0, 1, 3, 4, 6, 7, 9] [0, 1, 3, 4, 6, 7, 9] 0
7.32 - [0, 1, 3, 4, 6, 8, 9] [0, 1, 3, 4, 6, 8, 9] 0
7.33 - [0, 1, 2, 4, 6, 8, 10] [0, 1, 2, 4, 6, 8, 10] 0
7.34 - [0, 1, 3, 4, 6, 8, 10] [0, 1, 3, 4, 6, 8, 10] 0
7.35 - [0, 1, 3, 5, 6, 8, 10] [0, 1, 3, 5, 6, 8, 10] 0
7.36 - [0, 1, 2, 3, 5, 6, 8] [0, 1, 2, 3, 5, 6, 8] 0
7.37 - [0, 1, 3, 4, 5, 7, 8] [0, 1, 3, 4, 5, 7, 8] 0
7.38 - [0, 1, 2, 4, 5, 7, 8] [0, 1, 2, 4, 5, 7, 8] 0
8.1 - [0, 1, 2, 3, 4, 5, 6, 7] [0, 1, 2, 3, 4, 5, 6, 7] 0
8.2 - [0, 1, 2, 3, 4, 5, 6, 8] [0, 1, 2, 3, 4, 5, 6, 8] 0
8.3 - [0, 1, 2, 3, 4, 5, 6, 9] [0, 1, 2, 3, 4, 5, 6, 9] 0
8.4 - [0, 1, 2, 3, 4, 5, 7, 8] [0, 1, 2, 3, 4, 5, 7, 8] 0
8.5 - [0, 1, 2, 3, 4, 6, 7, 8] [0, 1, 2, 3, 4, 6, 7, 8] 0
8.6 - [0, 1, 2, 3, 5, 6, 7, 8] [0, 1, 2, 3, 5, 6, 7, 8] 0
8.7 - [0, 1, 2, 3, 4, 5, 8, 9] [0, 1, 2, 3, 4, 5, 8, 9] 0
8.8 - [0, 1, 2, 3, 4, 7, 8, 9] [0, 1, 2, 3, 4, 7, 8, 9] 0
8.9 - [0, 1, 2, 3, 6, 7, 8, 9] [0, 1, 2, 3, 6, 7, 8, 9] 0
8.10 - [0, 2, 3, 4, 5, 6, 7, 9] [0, 2, 3, 4, 5, 6, 7, 9] 0
8.11 - [0, 1, 2, 3, 4, 5, 7, 9] [0, 1, 2, 3, 4, 5, 7, 9] 0
8.12 - [0, 1, 3, 4, 5, 6, 7, 9] [0, 1, 3, 4, 5, 6, 7, 9] 0
8.13 - [0, 1, 2, 3, 4, 6, 7, 9] [0, 1, 2, 3, 4, 6, 7, 9] 0
8.14 - [0, 1, 2, 4, 5, 6, 7, 9] [0, 1, 2, 4, 5, 6, 7, 9] 0
8.15 - [0, 1, 2, 3, 4, 6, 8, 9] [0, 1, 2, 3, 4, 6, 8, 9] 0
8.16 - [0, 1, 2, 3, 5, 7, 8, 9] [0, 1, 2, 3, 5, 7, 8, 9] 0
8.17 - [0, 1, 3, 4, 5, 6, 8, 9] [0, 1, 3, 4, 5, 6, 8, 9] 0
8.18 - [0, 1, 2, 3, 5, 6, 8, 9] [0, 1, 2, 3, 5, 6, 8, 9] 0
8.19 - [0, 1, 2, 4, 5, 6, 8, 9] [0, 1, 2, 4, 5, 6, 8, 9] 0
8.20 - [0, 1, 2, 4, 5, 7, 8, 9] [0, 1, 2, 4, 5, 7, 8, 9] 0
8.21 - [0, 1, 2, 3, 4, 6, 8, 10] [0, 1, 2, 3, 4, 6, 8, 10] 0
8.22 - [0, 1, 2, 3, 5, 6, 8, 10] [0, 1, 2, 3, 5, 6, 8, 10] 0
8.23 - [0, 1, 2, 3, 5, 7, 8, 10] [0, 1, 2, 3, 5, 7, 8, 10] 0
8.24 - [0, 1, 2, 4, 5, 6, 8, 10] [0, 1, 2, 4, 5, 6, 8, 10] 0
8.25 - [0, 1, 2, 4, 6, 7, 8, 10] [0, 1, 2, 4, 6, 7, 8, 10] 0
8.26 - [0, 1, 2, 4, 5, 7, 9, 10] [0, 1, 2, 4, 5, 7, 9, 10] 0
8.27 - [0, 1, 2, 4, 5, 7, 8, 10] [0, 1, 2, 4, 5, 7, 8, 10] 0
8.28 - [0, 1, 3, 4, 6, 7, 9, 10] [0, 1, 3, 4, 6, 7, 9, 10] 0
8.29 - [0, 1, 2, 3, 5, 6, 7, 9] [0, 1, 2, 3, 5, 6, 7, 9] 0
9.1 - [0, 1, 2, 3, 4, 5, 6, 7, 8] [0, 1, 2, 3, 4, 5, 6, 7, 8] 0
9.2 - [0, 1, 2, 3, 4, 5, 6, 7, 9] [0, 1, 2, 3, 4, 5, 6, 7, 9] 0
9.3 - [0, 1, 2, 3, 4, 5, 6, 8, 9] [0, 1, 2, 3, 4, 5, 6, 8, 9] 0
9.4 - [0, 1, 2, 3, 4, 5, 7, 8, 9] [0, 1, 2, 3, 4, 5, 7, 8, 9] 0
9.5 - [0, 1, 2, 3, 4, 6, 7, 8, 9] [0, 1, 2, 3, 4, 6, 7, 8, 9] 0
9.6 - [0, 1, 2, 3, 4, 5, 6, 8, 10] [0, 1, 2, 3, 4, 5, 6, 8, 10] 0
9.7 - [0, 1, 2, 3, 4, 5, 7, 8, 10] [0, 1, 2, 3, 4, 5, 7, 8, 10] 0
9.8 - [0, 1, 2, 3, 4, 6, 7, 8, 10] [0, 1, 2, 3, 4, 6, 7, 8, 10] 0
9.9 - [0, 1, 2, 3, 5, 6, 7, 8, 10] [0, 1, 2, 3, 5, 6, 7, 8, 10] 0
9.10 - [0, 1, 2, 3, 4, 6, 7, 9, 10] [0, 1, 2, 3, 4, 6, 7, 9, 10] 0
9.11 - [0, 1, 2, 3, 5, 6, 7, 9, 10] [0, 1, 2, 3, 5, 6, 7, 9, 10] 0
9.12 - [0, 1, 2, 4, 5, 6, 8, 9, 10] [0, 1, 2, 4, 5, 6, 8, 9, 10] 0
10.1 - [0, 1, 2, 3, 4, 5, 6, 7, 8, 9] [0, 1, 2, 3, 4, 5, 6, 7, 8, 9] 0
10.2 - [0, 1, 2, 3, 4, 5, 6, 7, 8, 10] [0, 1, 2, 3, 4, 5, 6, 7, 8, 10] 0
10.3 - [0, 1, 2, 3, 4, 5, 6, 7, 9, 10] [0, 1, 2, 3, 4, 5, 6, 7, 9, 10] 0
10.4 - [0, 1, 2, 3, 4, 5, 6, 8, 9, 10] [0, 1, 2, 3, 4, 5, 6, 8, 9, 10] 0
10.5 - [0, 1, 2, 3, 4, 5, 7, 8, 9, 10] [0, 1, 2, 3, 4, 5, 7, 8, 9, 10] 0
10.6 - [0, 1, 2, 3, 4, 6, 7, 8, 9, 10] [0, 1, 2, 3, 4, 6, 7, 8, 9, 10] 0
11.1 - [0, 1, 2, 3, 4, 5, 6, 7, 8, 9, 10] [0, 1, 2, 3, 4, 5, 6, 7, 8, 9, 10] 0
12.1 - [0, 1, 2, 3, 4, 5, 6, 7, 8, 9, 10, 11] [0, 1, 2, 3, 4, 5, 6, 7, 8, 9, 10, 11] 0

Ordinal errors: 0
Prime forms I coudn't find: 0
